10.000      5.22246E-03
25.990      0.90917    
41.980      0.91293    
57.970      0.94268    
73.960      0.47971    
89.950      0.33593    
105.94      0.30125    
121.93      0.28054    
137.92      0.31065    
153.91      0.34925    
169.90      0.39176    
185.89      0.44548    
201.88      0.51068    
217.87      0.56826    
233.86      0.61371    
249.85      0.65089    
265.84      0.68358    
281.83      0.71913    
297.82      0.75058    
313.81      0.77765    
329.80      0.80102    
345.79      0.82126    
361.78      0.83856    
377.77      0.85253    
393.76      0.86483    
409.75      0.87575    
425.74      0.88547    
441.73      0.89442    
457.72      0.90287    
473.71      0.91042    
489.70      0.91719    
505.69      0.92335    
521.68      0.92899    
537.67      0.93406    
553.66      0.93864    
569.65      0.94290    
585.64      0.94683    
601.63      0.95041    
617.62      0.95367    
633.61      0.95667    
649.60      0.95951    
665.59      0.96216    
681.58      0.96446    
697.57      0.96644    
713.56      0.96831    
729.55      0.97011    
745.54      0.97178    
761.53      0.97332    
777.52      0.97476    
793.51      0.97610    
809.50      0.97735    
825.49      0.97852    
841.48      0.97960    
857.47      0.98062    
873.46      0.98156    
889.45      0.98245    
905.44      0.98328    
921.43      0.98405    
937.42      0.98478    
953.41      0.98547    
969.40      0.98611    
985.39      0.98672    
1001.4      0.98729    
1017.4      0.98782    
1033.4      0.98831    
1049.3      0.98878    
1065.3      0.98924    
1081.3      0.98967    
1097.3      0.99008    
1113.3      0.99047    
1129.3      0.99083    
1145.3      0.99118    
1161.3      0.99151    
1177.3      0.99182    
1193.3      0.99212    
1209.2      0.99240    
1225.2      0.99267    
1241.2      0.99293    
1257.2      0.99317    
1273.2      0.99340    
1289.2      0.99362    
1305.2      0.99383    
1321.2      0.99403    
1337.2      0.99422    
1353.2      0.99440    
1369.2      0.99457    
1385.1      0.99474    
1401.1      0.99490    
1417.1      0.99505    
1433.1      0.99520    
1449.1      0.99534    
1465.1      0.99548    
1481.1      0.99561    
1497.1      0.99574    
1513.1      0.99587    
1529.0      0.99600    
1545.0      0.99612    
1561.0      0.95609    
1577.0      0.95711    
1593.0      0.95810    
1609.0      0.95906    
1625.0      0.95999    
1641.0      0.96088    
1657.0      0.96175    
1673.0      0.96259    
1688.9      0.96341    
1704.9      0.96420    
1720.9      0.96497    
1736.9      0.96573    
1752.9      0.96648    
1768.9      0.96720    
1784.9      0.96791    
1800.9      0.96861    
1816.9      0.96928    
1832.9      0.96993    
1848.8      0.97056    
1864.8      0.97118    
1880.8      0.97177    
1896.8      0.97235    
1912.8      0.97291    
1928.8      0.97346    
1944.8      0.97399    
1960.8      0.97451    
1976.8      0.97501    
1992.8      0.97550    
2008.8      0.97597    
2024.7      0.97643    
2040.7      0.97689    
2056.7      0.97733    
2072.7      0.97777    
2088.7      0.97820    
2104.7      0.97862    
2120.7      0.97903    
2136.7      0.97942    
2152.7      0.97981    
2168.6      0.98019    
2184.6      0.98056    
2200.6      0.98092    
2216.6      0.98127    
2232.6      0.98161    
2248.6      0.98195    
2264.6      0.98227    
2280.6      0.98259    
2296.6      0.98291    
2312.6      0.98321    
2328.6      0.98351    
2344.5      0.98380    
2360.5      0.98408    
2376.5      0.98436    
2392.5      0.98463    
2408.5      0.98490    
2424.5      0.98516    
2440.5      0.98541    
2456.5      0.98566    
2472.5      0.98590    
2488.4      0.98614    
2504.4      0.98637    
2520.4      0.98660    
2536.4      0.98682    
2552.4      0.98704    
2568.4      0.98725    
2584.4      0.98746    
2600.4      0.98767    
2616.4      0.98787    
2632.4      0.98806    
2648.3      0.98825    
2664.3      0.98844    
2680.3      0.98862    
2696.3      0.98880    
2712.3      0.98898    
2728.3      0.98915    
2744.3      0.98932    
2760.3      0.98949    
2776.3      0.98965    
2792.3      0.98981    
2808.3      0.98996    
2824.2      0.99011    
2840.2      0.99026    
2856.2      0.99041    
2872.2      0.99055    
2888.2      0.99069    
2904.2      0.99083    
2920.2      0.99097    
2936.2      0.99110    
2952.2      0.99123    
2968.1      0.99136    
2984.1      0.99148    
3000.1      0.99161    
3016.1      0.99173    
3032.1      0.99185    
3048.1      0.99196    
3064.1      0.99208    
3080.1      0.99219    
3096.1      0.99230    
3112.1      0.99240    
3128.1      0.99251    
3144.0      0.99261    
3160.0      0.99272    
3176.0      0.99282    
3192.0      0.99291    
3208.0      0.99301    
3224.0      0.99311    
3240.0      0.99320    
3256.0      0.99329    
3272.0      0.99338    
3287.9      0.99347    
3303.9      0.99355    
3319.9      0.99364    
3335.9      0.99372    
3351.9      0.99381    
3367.9      0.99389    
3383.9      0.99397    
3399.9      0.99404    
3415.9      0.99412    
3431.9      0.99420    
3447.8      0.99427    
3463.8      0.99434    
3479.8      0.99442    
3495.8      0.99449    
3511.8      0.99456    
3527.8      0.99462    
3543.8      0.99469    
3559.8      0.99476    
3575.8      0.99482    
3591.8      0.99489    
3607.7      0.99495    
3623.7      0.99501    
3639.7      0.99507    
3655.7      0.99513    
3671.7      0.99519    
3687.7      0.99525    
3703.7      0.99530    
3719.7      0.99536    
3735.7      0.99542    
3751.7      0.99547    
3767.6      0.99552    
3783.6      0.99558    
3799.6      0.99563    
3815.6      0.99568    
3831.6      0.99573    
3847.6      0.99578    
3863.6      0.99583    
3879.6      0.99588    
3895.6      0.99592    
3911.6      0.99597    
3927.6      0.99602    
3943.5      0.99606    
3959.5      0.99610    
3975.5      0.99615    
3991.5      0.99619    
4007.5      0.99623    
4023.5      0.99628    
4039.5      0.99632    
4055.5      0.99636    
4071.5      0.99640    
4087.4      0.99644    
4103.4      0.99648    
4119.4      0.99652    
4135.4      0.99655    
4151.4      0.99659    
4167.4      0.99663    
4183.4      0.99666    
4199.4      0.99670    
4215.4      0.99673    
4231.4      0.99677    
4247.4      0.99680    
4263.3      0.99684    
4279.3      0.99687    
4295.3      0.99690    
4311.3      0.99694    
4327.3      0.99697    
4343.3      0.99700    
4359.3      0.99703    
4375.3      0.99706    
4391.3      0.99709    
4407.3      0.99712    
4423.2      0.99715    
4439.2      0.99718    
4455.2      0.99721    
4471.2      0.99724    
4487.2      0.99726    
4503.2      0.99729    
4519.2      0.99732    
4535.2      0.99735    
4551.2      0.99737    
4567.1      0.99740    
4583.1      0.99742    
4599.1      0.99745    
4615.1      0.99747    
4631.1      0.99750    
4647.1      0.99752    
4663.1      0.99755    
4679.1      0.99757    
4695.1      0.99759    
4711.1      0.99762    
4727.0      0.99764    
4743.0      0.99766    
4759.0      0.99769    
4775.0      0.99771    
4791.0      0.99773    
4807.0      0.99775    
4823.0      0.99777    
4839.0      0.99779    
4855.0      0.99781    
4871.0      0.99783    
4886.9      0.99785    
4902.9      0.99787    
4918.9      0.99789    
4934.9      0.99791    
4950.9      0.99793    
4966.9      0.99795    
4982.9      0.99797    
4998.9      0.99799    
5014.9      0.99801    
5030.9      0.99802    
5046.9      0.99804    
5062.8      0.99806    
5078.8      0.99808    
5094.8      0.99809    
5110.8      0.99811    
5126.8      0.99813    
5142.8      0.99815    
5158.8      0.99816    
5174.8      0.99818    
5190.8      0.99819    
5206.8      0.99821    
5222.7      0.99823    
5238.7      0.99824    
5254.7      0.99826    
5270.7      0.99827    
5286.7      0.99829    
5302.7      0.99830    
5318.7      0.99832    
5334.7      0.99833    
5350.7      0.99834    
5366.6      0.99836    
5382.6      0.99837    
5398.6      0.99839    
5414.6      0.99840    
5430.6      0.99841    
5446.6      0.99843    
5462.6      0.99844    
5478.6      0.99845    
5494.6      0.99847    
5510.6      0.99848    
5526.5      0.99849    
5542.5      0.99850    
5558.5      0.99852    
5574.5      0.99853    
5590.5      0.99854    
5606.5      0.99855    
5622.5      0.99856    
5638.5      0.99858    
5654.5      0.99859    
5670.5      0.99860    
5686.4      0.99861    
5702.4      0.99862    
5718.4      0.99863    
5734.4      0.99864    
5750.4      0.99865    
5766.4      0.99867    
5782.4      0.99868    
5798.4      0.99869    
5814.4      0.99870    
5830.4      0.99871    
5846.4      0.99872    
5862.3      0.99873    
5878.3      0.99874    
5894.3      0.99875    
5910.3      0.99876    
5926.3      0.99877    
5942.3      0.99878    
5958.3      0.99879    
5974.3      0.99879    
5990.3      0.99880    
6006.2      0.99881    
6022.2      0.99882    
6038.2      0.99883    
6054.2      0.99884    
6070.2      0.99885    
6086.2      0.99886    
6102.2      0.99887    
6118.2      0.99887    
6134.2      0.99888    
6150.2      0.99889    
6166.1      0.99890    
6182.1      0.99891    
6198.1      0.99892    
6214.1      0.99892    
6230.1      0.99893    
6246.1      0.99894    
6262.1      0.99895    
6278.1      0.99896    
6294.1      0.99896    
6310.1      0.99897    
6326.0      0.99898    
6342.0      0.99899    
6358.0      0.99899    
6374.0      0.99900    
6390.0      0.99901    
6406.0      0.99902    
6422.0      0.99902    
6438.0      0.99903    
6454.0      0.99904    
6470.0      0.99904    
6485.9      0.99905    
6501.9      0.99906    
6517.9      0.99906    
6533.9      0.99907    
6549.9      0.99908    
6565.9      0.99908    
6581.9      0.99909    
6597.9      0.99910    
6613.9      0.99910    
6629.9      0.99911    
6645.9      0.99911    
6661.8      0.99912    
6677.8      0.99913    
6693.8      0.99913    
6709.8      0.99914    
6725.8      0.99915    
6741.8      0.99915    
6757.8      0.99916    
6773.8      0.99916    
6789.8      0.99917    
6805.7      0.99917    
6821.7      0.99918    
6837.7      0.99919    
6853.7      0.99919    
6869.7      0.99920    
6885.7      0.99920    
6901.7      0.99921    
6917.7      0.99921    
6933.7      0.99922    
6949.7      0.99922    
6965.6      0.99923    
6981.6      0.99923    
6997.6      0.99924    
7013.6      0.99924    
7029.6      0.99925    
7045.6      0.99925    
7061.6      0.99926    
7077.6      0.99926    
7093.6      0.99927    
7109.6      0.99927    
7125.5      0.99928    
7141.5      0.99928    
7157.5      0.99929    
7173.5      0.99929    
7189.5      0.99930    
7205.5      0.99930    
7221.5      0.99930    
7237.5      0.99931    
7253.5      0.99931    
7269.5      0.99932    
7285.4      0.99932    
7301.4      0.99933    
7317.4      0.99933    
7333.4      0.99934    
7349.4      0.99934    
7365.4      0.99934    
7381.4      0.99935    
7397.4      0.99935    
7413.4      0.99936    
7429.4      0.99936    
7445.4      0.99936    
7461.3      0.99937    
7477.3      0.99937    
7493.3      0.99938    
7509.3      0.99938    
7525.3      0.99938    
7541.3      0.99939    
7557.3      0.99939    
7573.3      0.99940    
7589.3      0.99940    
7605.2      0.99940    
7621.2      0.99941    
7637.2      0.99941    
7653.2      0.99941    
7669.2      0.99942    
7685.2      0.99942    
7701.2      0.99942    
7717.2      0.99943    
7733.2      0.99943    
7749.2      0.99943    
7765.1      0.99944    
7781.1      0.99944    
7797.1      0.99944    
7813.1      0.99945    
7829.1      0.99945    
7845.1      0.99945    
7861.1      0.99946    
7877.1      0.99946    
7893.1      0.99946    
7909.1      0.99947    
7925.0      0.99947    
7941.0      0.99947    
7957.0      0.99948    
7973.0      0.99948    
7989.0      0.99948    
8005.0      0.99949    
8021.0      0.99949    
8037.0      0.99949    
8053.0      0.99949    
8069.0      0.99950    
8084.9      0.99950    
8100.9      0.99950    
8116.9      0.99951    
8132.9      0.99951    
8148.9      0.99951    
8164.9      0.99951    
8180.9      0.99952    
8196.9      0.99952    
8212.9      0.99952    
8228.9      0.99953    
8244.8      0.99953    
8260.8      0.99953    
8276.8      0.99953    
8292.8      0.99954    
8308.8      0.99954    
8324.8      0.99954    
8340.8      0.99954    
8356.8      0.99955    
8372.8      0.99955    
8388.8      0.99955    
8404.7      0.99955    
8420.7      0.99956    
8436.7      0.99956    
8452.7      0.99956    
8468.7      0.99956    
8484.7      0.99957    
8500.7      0.99957    
8516.7      0.99957    
8532.7      0.99957    
8548.7      0.99958    
8564.6      0.99958    
8580.6      0.99958    
8596.6      0.99958    
8612.6      0.99958    
8628.6      0.99959    
8644.6      0.99959    
8660.6      0.99959    
8676.6      0.99959    
8692.6      0.99960    
8708.6      0.99960    
8724.5      0.99960    
8740.5      0.99960    
8756.5      0.99960    
8772.5      0.99961    
8788.5      0.99961    
8804.5      0.99961    
8820.5      0.99961    
8836.5      0.99962    
8852.5      0.99962    
8868.5      0.99962    
8884.5      0.99962    
8900.4      0.99962    
8916.4      0.99963    
8932.4      0.99963    
8948.4      0.99963    
8964.4      0.99963    
8980.4      0.99963    
8996.4      0.99963    
9012.4      0.99964    
9028.4      0.99964    
9044.3      0.99964    
9060.3      0.99964    
9076.3      0.99964    
9092.3      0.99965    
9108.3      0.99965    
9124.3      0.99965    
9140.3      0.99965    
9156.3      0.99965    
9172.3      0.99966    
9188.3      0.99966    
9204.3      0.99966    
9220.2      0.99966    
9236.2      0.99966    
9252.2      0.99966    
9268.2      0.99967    
9284.2      0.99967    
9300.2      0.99967    
9316.2      0.99967    
9332.2      0.99967    
9348.2      0.99967    
9364.1      0.99968    
9380.1      0.99968    
9396.1      0.99968    
9412.1      0.99968    
9428.1      0.99968    
9444.1      0.99968    
9460.1      0.99969    
9476.1      0.99969    
9492.1      0.99969    
9508.1      0.99969    
9524.0      0.99969    
9540.0      0.99969    
9556.0      0.99969    
9572.0      0.99970    
9588.0      0.99970    
9604.0      0.99970    
9620.0      0.99970    
9636.0      0.99970    
9652.0      0.99970    
9668.0      0.99970    
9684.0      0.99971    
9699.9      0.99971    
9715.9      0.99971    
9731.9      0.99971    
9747.9      0.99971    
9763.9      0.99971    
9779.9      0.99971    
9795.9      0.99972    
9811.9      0.99972    
9827.9      0.99972    
9843.8      0.99972    
9859.8      0.99972    
9875.8      0.99972    
9891.8      0.99972    
9907.8      0.99973    
9923.8      0.99973    
9939.8      0.99973    
9955.8      0.99973    
9971.8      0.99973    
9987.8      0.99973    
10004.      0.99973    
10020.      0.99973    
10036.      0.99974    
10052.      0.99974    
10068.      0.99974    
10084.      0.99974    
10100.      0.99974    
10116.      0.99974    
10132.      0.99974    
10148.      0.99974    
10164.      0.99975    
10180.      0.99975    
10196.      0.99975    
10212.      0.99975    
10228.      0.99975    
10244.      0.99975    
10260.      0.99975    
10276.      0.99975    
10292.      0.99975    
10308.      0.99976    
10324.      0.99976    
10340.      0.99976    
10356.      0.99976    
10372.      0.99976    
10388.      0.99976    
10403.      0.99976    
10419.      0.99976    
10435.      0.99976    
10451.      0.99977    
10467.      0.99977    
10483.      0.99977    
10499.      0.99977    
10515.      0.99977    
10531.      0.99977    
10547.      0.99977    
10563.      0.99977    
10579.      0.99977    
10595.      0.99977    
10611.      0.99978    
10627.      0.99978    
10643.      0.99978    
10659.      0.99978    
10675.      0.99978    
10691.      0.99978    
10707.      0.99978    
10723.      0.99978    
10739.      0.99978    
10755.      0.99978    
10771.      0.99979    
10787.      0.99979    
10803.      0.99979    
10819.      0.99979    
10835.      0.99979    
10851.      0.99979    
10867.      0.99979    
10883.      0.99979    
10899.      0.99979    
10915.      0.99979    
10931.      0.99979    
10947.      0.99980    
10963.      0.99980    
10979.      0.99980    
10995.      0.99980    
11011.      0.99980    
11027.      0.99980    
11043.      0.99980    
11059.      0.99980    
11075.      0.99980    
11091.      0.99980    
11107.      0.99980    
11123.      0.99980    
11139.      0.99981    
11155.      0.99981    
11171.      0.99981    
11187.      0.99981    
11203.      0.99981    
11219.      0.99981    
11235.      0.99981    
11251.      0.99981    
11267.      0.99981    
11283.      0.99981    
11299.      0.99981    
11315.      0.99981    
11331.      0.99982    
11347.      0.99982    
11363.      0.99982    
11379.      0.99982    
11395.      0.99982    
11411.      0.99982    
11427.      0.99982    
11443.      0.99982    
11459.      0.99982    
11475.      0.99982    
11491.      0.99982    
11507.      0.99982    
11523.      0.99982    
11539.      0.99982    
11555.      0.99983    
11571.      0.99983    
11587.      0.99983    
11603.      0.99983    
11619.      0.99983    
11635.      0.99983    
11651.      0.99983    
11667.      0.99983    
11683.      0.99983    
11699.      0.99983    
11715.      0.99983    
11731.      0.99983    
11747.      0.99983    
11763.      0.99983    
11779.      0.99984    
11795.      0.99984    
11811.      0.99984    
11827.      0.99984    
11843.      0.99984    
11859.      0.99984    
11875.      0.99984    
11891.      0.99984    
11907.      0.99984    
11923.      0.99984    
11939.      0.99984    
11955.      0.99984    
11971.      0.99984    
11987.      0.99984    
12003.      0.99984    
12018.      0.99984    
12034.      0.99985    
12050.      0.99985    
12066.      0.99985    
12082.      0.99985    
12098.      0.99985    
12114.      0.99985    
12130.      0.99985    
12146.      0.99985    
12162.      0.99985    
12178.      0.99985    
12194.      0.99985    
12210.      0.99985    
12226.      0.99985    
12242.      0.99985    
12258.      0.99985    
12274.      0.99985    
12290.      0.99985    
12306.      0.99986    
12322.      0.99986    
12338.      0.99986    
12354.      0.99986    
12370.      0.99986    
12386.      0.99986    
12402.      0.99986    
12418.      0.99986    
12434.      0.99986    
12450.      0.99986    
12466.      0.99986    
12482.      0.99986    
12498.      0.99986    
12514.      0.99986    
12530.      0.99986    
12546.      0.99986    
12562.      0.99986    
12578.      0.99986    
12594.      0.99986    
12610.      0.99987    
12626.      0.99987    
12642.      0.99987    
12658.      0.99987    
12674.      0.99987    
12690.      0.99987    
12706.      0.99987    
12722.      0.99987    
12738.      0.99987    
12754.      0.99987    
12770.      0.99987    
12786.      0.99987    
12802.      0.99987    
12818.      0.99987    
12834.      0.99987    
12850.      0.99987    
12866.      0.99987    
12882.      0.99987    
12898.      0.99987    
12914.      0.99987    
12930.      0.99988    
12946.      0.99988    
12962.      0.99988    
12978.      0.99988    
12994.      0.99988    
13010.      0.99988    
13026.      0.99988    
13042.      0.99988    
13058.      0.99988    
13074.      0.99988    
13090.      0.99988    
13106.      0.99988    
13122.      0.99988    
13138.      0.99988    
13154.      0.99988    
13170.      0.99988    
13186.      0.99988    
13202.      0.99988    
13218.      0.99988    
13234.      0.99988    
13250.      0.99988    
13266.      0.99988    
13282.      0.99988    
13298.      0.99989    
13314.      0.99989    
13330.      0.99989    
13346.      0.99989    
13362.      0.99989    
13378.      0.99989    
13394.      0.99989    
13410.      0.99989    
13426.      0.99989    
13442.      0.99989    
13458.      0.99989    
13474.      0.99989    
13490.      0.99989    
13506.      0.99989    
13522.      0.99989    
13538.      0.99989    
13554.      0.99989    
13570.      0.99989    
13586.      0.99989    
13601.      0.99989    
13617.      0.99989    
13633.      0.99989    
13649.      0.99989    
13665.      0.99989    
13681.      0.99989    
13697.      0.99989    
13713.      0.99990    
13729.      0.99990    
13745.      0.99990    
13761.      0.99990    
13777.      0.99990    
13793.      0.99990    
13809.      0.99990    
13825.      0.99990    
13841.      0.99990    
13857.      0.99990    
13873.      0.99990    
13889.      0.99990    
13905.      0.99990    
13921.      0.99990    
13937.      0.99990    
13953.      0.99990    
13969.      0.99990    
13985.      0.99990    
14001.      0.99990    
14017.      0.99990    
14033.      0.99990    
14049.      0.99990    
14065.      0.99990    
14081.      0.99990    
14097.      0.99990    
14113.      0.99990    
14129.      0.99990    
14145.      0.99990    
14161.      0.99990    
14177.      0.99990    
14193.      0.99991    
14209.      0.99991    
14225.      0.99991    
14241.      0.99991    
14257.      0.99991    
14273.      0.99991    
14289.      0.99991    
14305.      0.99991    
14321.      0.99991    
14337.      0.99991    
14353.      0.99991    
14369.      0.99991    
14385.      0.99991    
14401.      0.99991    
14417.      0.99991    
14433.      0.99991    
14449.      0.99991    
14465.      0.99991    
14481.      0.99991    
14497.      0.99991    
14513.      0.99991    
14529.      0.99991    
14545.      0.99991    
14561.      0.99991    
14577.      0.99991    
14593.      0.99991    
14609.      0.99991    
14625.      0.99991    
14641.      0.99991    
14657.      0.99991    
14673.      0.99991    
14689.      0.99991    
14705.      0.99991    
14721.      0.99992    
14737.      0.99992    
14753.      0.99992    
14769.      0.99992    
14785.      0.99992    
14801.      0.99992    
14817.      0.99992    
14833.      0.99992    
14849.      0.99992    
14865.      0.99992    
14881.      0.99992    
14897.      0.99992    
14913.      0.99992    
14929.      0.99992    
14945.      0.99992    
14961.      0.99992    
14977.      0.99992    
14993.      0.99992    
15009.      0.99992    
15025.      0.99992    
15041.      0.99992    
15057.      0.99992    
15073.      0.99992    
15089.      0.99992    
15105.      0.99992    
15121.      0.99992    
15137.      0.99992    
15153.      0.99992    
15169.      0.99992    
15185.      0.99992    
15200.      0.99992    
15216.      0.99992    
15232.      0.99992    
15248.      0.99992    
15264.      0.99992    
15280.      0.99992    
15296.      0.99992    
15312.      0.99992    
15328.      0.99992    
15344.      0.99992    
15360.      0.99993    
15376.      0.99993    
15392.      0.99993    
15408.      0.99993    
15424.      0.99993    
15440.      0.99993    
15456.      0.99993    
15472.      0.99993    
15488.      0.99993    
15504.      0.99993    
15520.      0.99993    
15536.      0.99993    
15552.      0.99993    
15568.      0.99993    
15584.      0.99993    
15600.      0.99993    
15616.      0.99993    
15632.      0.99993    
15648.      0.99993    
15664.      0.99993    
15680.      0.99993    
15696.      0.99993    
15712.      0.99993    
15728.      0.99993    
15744.      0.99993    
15760.      0.99993    
15776.      0.99993    
15792.      0.99993    
15808.      0.99993    
15824.      0.99993    
15840.      0.99993    
15856.      0.99993    
15872.      0.99993    
15888.      0.99993    
15904.      0.99993    
15920.      0.99993    
15936.      0.99993    
15952.      0.99993    
15968.      0.99993    
15984.      0.99993    
16000.      0.99993    
